0400000 (0.47517771466197767, 0.36632031215389627)
0400078 (0.46492270763157517, 0.3695737364828316)
0400065 (0.7551293924431371, 0.39007347244686486)
0400052 (0.8495781405095982, 0.42777287834267863)
0400039 (0.4986397266850594, 0.2768134689500134)
0400013 (0.5047394540018405, 0.6633275516562716)
0400091 (0.37184839929403546, 0.5388458628719619)
0400026 (0.40590461468366434, 0.6841558260399503)
0400079 (0.678513372811608, 0.23103416071304664)
0400066 (0.608275481109469, 0.701302712411144)
0400001 (0.5293418802030392, 0.6893586875354634)
0400053 (0.6636791157949012, 0.1734414241279965)
0400027 (0.7958546959873897, 0.3136609274265222)
0400040 (0.6768703455955692, 0.4234676792717087)
0400092 (0.239703163523986, 0.6192003699594727)
0400014 (0.44297769353217653, 0.6438584078283262)
0400080 (0.49965431089262513, 0.3366429984338939)
0400067 (0.7184618332919456, 0.20490566556148104)
0400002 (0.7707896935297156, 0.6549841410893769)
0400093 (0.6306659828618923, 0.30720452848351965)
0400015 (0.2211852095600633, 0.757202271041502)
0400041 (0.26346374181966215, 0.19730486885823498)
0400054 (0.663849402631913, 0.5204169291109916)
0400028 (0.8047873370657654, 0.36865136102821183)
0400068 (0.6807642011810736, 0.17903876943706454)
0400081 (0.5418934042104774, 0.7288565413835829)
0400094 (0.7429699760676599, 0.4582095265039652)
0400016 (0.7118871961884343, 0.7115327702015967)
0400003 (0.38397864697865336, 0.7918105563870227)
0400042 (0.2460270598686886, 0.732776373553391)
0400055 (0.6613908243286606, 0.4944910519694504)
0400029 (0.4756810437522172, 0.31854568361102037)
0400069 (0.5975125453681577, 0.3886600621733469)
0400082 (0.5455173016579734, 0.8320574569218034)
0400095 (0.4476861838052212, 0.7673493768612722)
0400043 (0.5083596175706337, 0.5847546602944542)
0400004 (0.2261432515413043, 0.8172218096521003)
0400017 (0.4311578258627995, 0.7987542364203133)
0400030 (0.8324511138985634, 0.6881502018905353)
0400056 (0.6066869330140959, 0.40660127991644723)
0400070 (0.3598146147819584, 0.34716969912401685)
0400083 (0.15511714813271651, 0.6556604076265646)
0400096 (0.475585684905231, 0.2326742800396163)
0400044 (0.3429354256832441, 0.37548522286164965)
0400018 (0.7964292935449978, 0.5583576486972286)
0400005 (0.6679099077595927, 0.21748302360611038)
0400057 (0.47824580378930537, 0.2272375533358227)
0400031 (0.1744390966283265, 0.3278736106720886)
0400071 (0.3373442232418504, 0.8040064122939377)
0400084 (0.7581936217480215, 0.5402099545286837)
0400097 (0.5270225257931831, 0.3170116606622094)
0400058 (0.25308457058257794, 0.3560434225144983)
0400019 (0.5067760332374486, 0.7539860818330009)
0400045 (0.4125826503823603, 0.6791026296061291)
0400006 (0.8182527246998548, 0.426481523738795)
0400032 (0.2571366657947569, 0.3048808072381992)
0400072 (0.5038032325777799, 0.17128186442867768)
0400085 (0.21241023091066066, 0.7266014935940972)
0400098 (0.6945343680750512, 0.3132928906205913)
0400046 (0.847213579703837, 0.8373445796306033)
0400020 (0.5857675817804161, 0.2849043653319162)
0400073 (0.4417791612887376, 0.8435203118640808)
0400059 (0.48245435338171194, 0.48289770536997145)
0400033 (0.6994496658130757, 0.8170256104668486)
0400007 (0.6110738705249105, 0.4117052323131406)
0400086 (0.5924934837984388, 0.37848072154274726)
0400099 (0.7451091495035831, 0.6946203388634355)
0400060 (0.844153665723279, 0.41605524937133564)
0400021 (0.6953542673899192, 0.34275075062572213)
0400047 (0.5545441304817601, 0.5154663529464704)
0400100 (0.6537908642507719, 0.3063708473694702)
0400008 (0.7710061473993212, 0.30340062875528834)
0400074 (0.7751142092846284, 0.6468223420036366)
0400034 (0.6056916849395878, 0.6055159941922683)
0400087 (0.4532545811968537, 0.6048335756687905)
0400048 (0.20101356679293936, 0.3318670109351327)
0400061 (0.7879238831981661, 0.7963142828222938)
0400022 (0.7191150934441466, 0.7584209322622593)
0400101 (0.6007587540079263, 0.7069656042492762)
0400075 (0.848738512439857, 0.29188756554672446)
0400009 (0.8067186944121332, 0.33155320859418014)
0400035 (0.19537842870515787, 0.4086341030605355)
0400088 (0.7928177097939999, 0.7821724533716865)
0400102 (0.443153358618934, 0.2966095301502152)
0400062 (0.5757102540299291, 0.16836170471524)
0400049 (0.5750388067813045, 0.6306449931521333)
0400010 (0.7888859765496967, 0.18825222282492243)
0400023 (0.4385026945088675, 0.5590175849765091)
0400076 (0.2333113951803953, 0.21537604866567012)
0400036 (0.7608485648637648, 0.48853560413385655)
0400089 (0.8274275063464949, 0.7094222874397813)
0400103 (0.36520054089417053, 0.5123931784286341)
0400063 (0.19283086058385773, 0.7070285346852312)
0400050 (0.6217530355324843, 0.6517574013161366)
0400011 (0.7526573440437231, 0.37729117747112634)
0400024 (0.4008923528008046, 0.47417386840511966)
0400077 (0.8290404243777524, 0.3632432689460073)
0400037 (0.5799541646088617, 0.27031176637346493)
0400090 (0.2293851205781718, 0.332743953995578)
0400104 (0.675494667663146, 0.40247717603776034)
0400064 (0.24970137140938317, 0.36111675958160805)
0400051 (0.3787281080604916, 0.40368822159681506)
0400012 (0.8286000379694112, 0.5462967626651217)
0400025 (0.7595802466943622, 0.4455584279254049)
0400117 (0.7338300772353951, 0.2854551809009524)
0400130 (0.7828086898909185, 0.3612517327785797)
0400038 (0.5304058238856275, 0.6509497795941391)
0400105 (0.6360769737176032, 0.4588161406944893)
0400169 (0.42586064430487924, 0.7579893049784235)
0400143 (0.36545028253551526, 0.5978001883131362)
0400156 (0.3762485896069855, 0.4573707109329308)
0400182 (0.8262004067372971, 0.3331855155720318)
0400131 (0.5442173211663098, 0.2353590440568682)
0400118 (0.6447088813707254, 0.2615998853736689)
0400195 (0.482283566228776, 0.47638745300498664)
0400106 (0.41592728691988357, 0.7380389856050551)
0400170 (0.24626463010479627, 0.5087333971309456)
0400157 (0.4750037191187302, 0.6873930049514786)
0400144 (0.38186310155244174, 0.320279608786097)
0400183 (0.8235132487740946, 0.6736759221637795)
0400196 (0.7008370156070921, 0.3119600717636595)
0400119 (0.6650755927059873, 0.17672814427026134)
0400132 (0.1834067047954665, 0.4554658749937791)
0400107 (0.7085408726561644, 0.16974113578633204)
0400171 (0.27522936287268496, 0.725950527958259)
0400158 (0.19938452362520598, 0.2668064323466198)
0400145 (0.22060286650578692, 0.2739293445359972)
0400184 (0.5492588712824825, 0.2191020160234557)
0400120 (0.46298849390103547, 0.25215254776108614)
0400197 (0.43836053497135574, 0.7215064595895948)
0400172 (0.253665756060111, 0.4538187959194987)
0400108 (0.6755735959395271, 0.2683095550511943)
0400133 (0.19656720793231136, 0.16617771042582324)
0400159 (0.5695138850479252, 0.3965871255954133)
0400146 (0.6499942512247585, 0.8391571799178793)
0400121 (0.4330731682503186, 0.4943735822096085)
0400185 (0.5501839956843795, 0.5105474903654391)
0400198 (0.3063778103930602, 0.26140696439064676)
0400173 (0.28677247712101905, 0.8231147984745644)
0400109 (0.4963926855671792, 0.16204008641572437)
0400134 (0.8272480632084549, 0.2180215328388988)
0400147 (0.794939193000477, 0.4661598281195871)
0400160 (0.23770442128903624, 0.5807715677768215)
0400186 (0.20715109135445026, 0.45452945479014817)
0400174 (0.3251713335771351, 0.1964925044285082)
0400199 (0.32141349773140726, 0.16658241844976882)
0400110 (0.2361658345458381, 0.5974907982656638)
0400122 (0.6210284897297245, 0.6258908583187532)
0400135 (0.8130924526189722, 0.6206667817819227)
0400161 (0.3078249079031865, 0.7142855167998582)
0400111 (0.3677278642210835, 0.2816543696716113)
0400200 (0.1857766623504163, 0.3059974934863199)
0400148 (0.43554866563998895, 0.46273798863029103)
0400187 (0.694739473534952, 0.7608634518469967)
0400123 (0.4227948198848559, 0.21898511610744892)
0400175 (0.3912493074842675, 0.4870319827177959)
0400136 (0.4607404851364024, 0.2402280149292561)
0400112 (0.7741368573380266, 0.1550101714653757)
0400162 (0.6103910101684675, 0.8004216851362381)
0400201 (0.754529638990725, 0.44214679483624486)
0400149 (0.3787770860636014, 0.3565087866703802)
0400124 (0.4169431077494936, 0.7930879290420889)
0400188 (0.6168617296305086, 0.6884526152990702)
0400176 (0.7112241748452037, 0.7519634130215723)
0400137 (0.33273098647936783, 0.32434931321287397)
0400113 (0.3013825206764036, 0.32008115104244605)
0400163 (0.7153799142576798, 0.31717287400150035)
0400150 (0.22670138590590522, 0.3227657441407353)
0400202 (0.33439178894772603, 0.44849596100855127)
0400125 (0.1936463419118356, 0.24116460144677326)
0400177 (0.4107103964016451, 0.8446580604363255)
0400138 (0.40036341725514757, 0.25556803799832156)
0400189 (0.16810108061116405, 0.2814734837934303)
0400114 (0.23592299333463684, 0.5286584682310432)
0400164 (0.32601683324262887, 0.25276467329438845)
0400151 (0.7681231944046587, 0.4879997328508495)
0400178 (0.2922136621618313, 0.5005023248877869)
0400203 (0.32229805788316024, 0.600442081220388)
0400139 (0.37554612545320987, 0.5127571824528053)
0400126 (0.802114510818546, 0.5640735093849599)
0400190 (0.589440174646856, 0.45363932100210924)
0400204 (0.7102506940993276, 0.48644217487651953)
0400115 (0.5775465409252988, 0.3499304899771789)
0400179 (0.4573858229479948, 0.5971953114482973)
0400140 (0.5116480973945812, 0.441310107788751)
0400165 (0.7712465636713778, 0.6544932230784681)
0400152 (0.3152171106591375, 0.6248878526480988)
0400127 (0.7248955139331398, 0.6829652490796324)
0400116 (0.28133669633251057, 0.39998571770635677)
0400180 (0.3010962430044251, 0.2672483505750885)
0400191 (0.15946503683435656, 0.7092540488797212)
0400166 (0.5170396517413464, 0.41176751796451794)
0400141 (0.20387970903508498, 0.7607985978023535)
0400205 (0.342896788240278, 0.5619513024906346)
0400153 (0.7942769842985388, 0.28154718329848194)
0400128 (0.5784635614041935, 0.6981276510640283)
0400142 (0.595928503414064, 0.45349830156278614)
0400192 (0.5407041794453386, 0.5140887037812867)
0400206 (0.6867383708314049, 0.29139810006497346)
0400181 (0.7560222784992218, 0.627311872191593)
0400208 (0.4575090662364787, 0.22207196874038984)
0400167 (0.2870143939869708, 0.6071092575646828)
0400154 (0.2811938006514615, 0.7759808961396504)
0400193 (0.7917904952901955, 0.760495941005499)
0400129 (0.36128555420886854, 0.36930993250283123)
0400207 (0.4239062317990627, 0.7552573565073465)
0400221 (0.8225005417752206, 0.32836881145175617)
0400168 (0.33130414013241044, 0.2792825465631722)
0400234 (0.6917848776937051, 0.7821940282283149)
0400209 (0.6664770427815662, 0.433316952370977)
0400155 (0.5672515188921956, 0.2553693792447467)
0400194 (0.4696077514314525, 0.5378870123808175)
0400247 (0.3372091526102302, 0.6978570530260774)
0400260 (0.6568644014743568, 0.23214919285892943)
0400222 (0.24033858593319166, 0.23643323772580632)
0400273 (0.4395982317553382, 0.5787476637613271)
0400235 (0.7954539267325865, 0.45943425478434985)
0400286 (0.4980687469970586, 0.8287138136960882)
0400210 (0.5169312444553625, 0.5847792752718626)
0400261 (0.7806878439044973, 0.3259310220341596)
0400299 (0.16142598195285854, 0.540185062859975)
0400248 (0.6912869967569034, 0.7373453680655152)
0400274 (0.1562836376167795, 0.3207576245167687)
0400223 (0.3995120070668211, 0.3180716315788862)
0400287 (0.22305228340500352, 0.40774970001451993)
0400236 (0.5353044256226576, 0.535642544178073)
0400211 (0.5439306968526789, 0.6223372668715894)
0400262 (0.5838448300946908, 0.5645479809000176)
0400249 (0.3959743501919286, 0.5258744344426163)
0400300 (0.7583022458041928, 0.45291432945795496)
0400288 (0.4736619008994879, 0.24443344365371272)
0400224 (0.7586497336385968, 0.3674495492809728)
0400237 (0.5932333875256652, 0.47270911589879483)
0400275 (0.5291414942937075, 0.44617363145725875)
0400263 (0.5014566654015481, 0.31602409744989046)
0400212 (0.3097185386314608, 0.5827197245477383)
0400301 (0.7734724618419829, 0.5136693371282175)
0400250 (0.4474897843772727, 0.6210455068904354)
0400276 (0.6353754395897491, 0.7125284472738113)
0400289 (0.8492749922073151, 0.6315090086172718)
0400225 (0.8294937815854627, 0.27554563749686)
0400238 (0.6494245911946536, 0.5955253173530192)
0400264 (0.47280877079912265, 0.2771212940258674)
0400213 (0.1944569419535416, 0.48076748666941793)
0400251 (0.26335642246961855, 0.7865049634579355)
0400302 (0.33889220812676935, 0.6018205191552465)
0400290 (0.5986461772128739, 0.5612068143258426)
0400277 (0.23324044955910614, 0.4006883683048421)
0400226 (0.35658151145553674, 0.5918003776707644)
0400239 (0.511169163273015, 0.6015896555748008)
0400214 (0.44540674705946803, 0.7221540162317596)
0400265 (0.43646185466588994, 0.2836779781370783)
0400252 (0.3903438328167069, 0.5254528902291069)
0400227 (0.37299307696720435, 0.5979574082979686)
0400303 (0.17707264017555732, 0.4090492589588155)
0400291 (0.5236389360271361, 0.3595861050470733)
0400278 (0.32926847239262047, 0.7475368761058854)
0400240 (0.533254200374089, 0.17183252802776727)
0400266 (0.48155923498745623, 0.6624347245815846)
0400215 (0.2714877563923425, 0.3696624099534994)
0400228 (0.2779822081711325, 0.6960376479068096)
0400253 (0.23314302270924278, 0.8493225964323003)
0400292 (0.2398586428511424, 0.32953648206570124)
0400279 (0.2708388718130764, 0.8167345538721607)
0400304 (0.41715377114401286, 0.1775588193340077)
0400241 (0.4159274554607807, 0.2616592189231475)
0400267 (0.8188196960363588, 0.7187031480026908)
0400216 (0.5996717715171606, 0.6761554397788226)
0400280 (0.17576938105730394, 0.49975444876610997)
0400254 (0.4472630399094719, 0.4722573986134019)
0400229 (0.375591444785211, 0.619176292765575)
0400293 (0.2842831116265214, 0.5172135794005093)
0400305 (0.8301608115601107, 0.6873884524426006)
0400242 (0.43714550894531257, 0.5568180461852845)
0400268 (0.5381042563673353, 0.5003978060766934)
0400230 (0.43543883936020045, 0.6674972155812229)
0400243 (0.4836090479506656, 0.7676408946331514)
0400281 (0.15657539051873057, 0.15296153920354927)
0400255 (0.5517382829781752, 0.779894361750898)
0400217 (0.6026947757684749, 0.24320780642295803)
0400294 (0.544800788916637, 0.4982012651016724)
0400306 (0.15245832888319527, 0.3763731649059202)
0400269 (0.3211015724573369, 0.5475005418363526)
0400282 (0.6048517822010323, 0.7544033484530582)
0400295 (0.27830253428995255, 0.3420579036170207)
0400256 (0.3222716108509681, 0.3782244886254824)
0400307 (0.24449157257975845, 0.5410417939043818)
0400231 (0.5395876853934861, 0.789949989314201)
0400244 (0.19558908012869045, 0.37174406655683745)
0400218 (0.586003529374835, 0.42321900872221585)
0400270 (0.3851044242104934, 0.23974972311268425)
0400283 (0.6662604985194249, 0.5483185362709911)
0400257 (0.5447530185079504, 0.6775108414385667)
0400308 (0.18508475257231038, 0.7121455298835354)
0400271 (0.8137849021647018, 0.35838163193847483)
0400245 (0.39522163181671927, 0.25410621834123764)
0400219 (0.723459212670991, 0.22366499835297157)
0400296 (0.29789987187188743, 0.4794258514944991)
0400232 (0.307928490739405, 0.5098879789193588)
0400284 (0.6572937404599988, 0.47725490884197797)
0400258 (0.4059457751446721, 0.23287821504662307)
0400309 (0.6798380976141238, 0.7982338555280591)
0400220 (0.19392273459180592, 0.3233823853096706)
0400297 (0.569126069437679, 0.7448248856936731)
0400272 (0.7529278891931677, 0.471565735680627)
0400246 (0.7926933713185403, 0.834115941661127)
0400233 (0.27162364212680606, 0.5542250982594228)
0400285 (0.8177343912298467, 0.5354923700229816)
0400312 (0.5861913391795422, 0.21983324557602452)
0400259 (0.6535023652751045, 0.3636583918690445)
0400351 (0.7648156859399092, 0.34833665675438386)
0400310 (0.28079050561714847, 0.40425196331306246)
0400325 (0.7046230423723696, 0.49261944064441043)
0400298 (0.25171992731499593, 0.24898580423989894)
0400338 (0.8116283984794683, 0.7538656165677604)
0400364 (0.3340428111806257, 0.7202766829213911)
0400313 (0.4961169338101554, 0.21485490217704842)
0400377 (0.36517131845878037, 0.8164411765513703)
0400352 (0.6558756626575127, 0.6225543411900171)
0400390 (0.6360527196410063, 0.6032752257145675)
0400311 (0.6512710779487095, 0.26236948178773906)
0400326 (0.6450001529992818, 0.6891710735820334)
0400339 (0.8316313753536975, 0.1871824949569583)
0400365 (0.3924616085765721, 0.4020419064456564)
0400314 (0.644373376688479, 0.3537688929080022)
0400378 (0.17624629630814362, 0.6064460947145729)
0400353 (0.5252100833858901, 0.6830684372767379)
0400391 (0.6215359449321166, 0.6784718101886595)
0400327 (0.3869145914871498, 0.3238001537438613)
0400340 (0.6372677044787175, 0.47711305895169387)
0400315 (0.2562489597933828, 0.36764852697264294)
0400366 (0.3577571823612808, 0.23598082100626974)
0400379 (0.3967519133187628, 0.21622684829472494)
0400354 (0.46199984248664727, 0.42574165979016887)
0400316 (0.3017819028464884, 0.6511939090404938)
0400392 (0.3888733235238395, 0.8059841629401082)
0400341 (0.27861392045859734, 0.6343327567840371)
0400328 (0.5174888561779257, 0.399375617758807)
0400355 (0.245940364966946, 0.6244898282057825)
0400367 (0.6470286245276813, 0.778990600048348)
0400380 (0.24695291478473447, 0.660611846029483)
0400317 (0.6108821626052754, 0.6452684646236716)
0400342 (0.7628299474767968, 0.47425278921530944)
0400329 (0.828671511892364, 0.28853359428456793)
0400393 (0.622546163132051, 0.5540882388829342)
0400356 (0.7386731036184996, 0.6713195836635023)
0400381 (0.30541213592698724, 0.4237442877397861)
0400368 (0.24249940361684508, 0.6249688741391005)
0400318 (0.7061047492799152, 0.40165872665131375)
0400382 (0.6160856023908269, 0.2568485987630845)
0400330 (0.6270750889759834, 0.19250988862902807)
0400394 (0.7590854853200664, 0.4854288154273586)
0400343 (0.3554980469739589, 0.521227064710589)
0400357 (0.3180360269512373, 0.5392227200435569)
0400319 (0.18282378402075625, 0.5525839359431135)
0400369 (0.6401016478059239, 0.707215313106876)
0400331 (0.8259888563461295, 0.4290741855615082)
0400358 (0.5334238905537305, 0.6508090202046604)
0400383 (0.460467232076639, 0.6067955072892388)
0400344 (0.7407124025673476, 0.7216439037088868)
0400395 (0.5616147010532654, 0.2475745164512968)
0400320 (0.2939607107020058, 0.2497260117443876)
0400359 (0.4931822361494764, 0.7797002868922042)
0400370 (0.8361641395699431, 0.5702056750276701)
0400396 (0.34644437792349125, 0.49596026352617606)
0400384 (0.5146902493083202, 0.5975718128109994)
0400345 (0.5231650064858406, 0.4853158250049554)
0400332 (0.7376352387420931, 0.6577762397755642)
0400360 (0.6057649411539445, 0.5956616306587672)
0400371 (0.7700209075090121, 0.19674775081182083)
0400321 (0.5250522128649014, 0.435174780754667)
0400385 (0.5850436287184274, 0.4546444627941316)
0400333 (0.28272807236825404, 0.5088568979999988)
0400397 (0.2850067950764497, 0.4870485078419483)
0400346 (0.5636956336069932, 0.6782181783995708)
0400361 (0.47557101071301766, 0.3063162117904076)
0400334 (0.5314652778375797, 0.15045794100834703)
0400386 (0.6114697833866408, 0.5405670545662659)
0400322 (0.5709483659071887, 0.7555199278386956)
0400372 (0.826946009112478, 0.4702656645731075)
0400347 (0.2551194293518952, 0.6346993596360456)
0400398 (0.5613230741377776, 0.8472498596615688)
0400362 (0.8405138147927889, 0.4804942305204334)
0400335 (0.16930874331195078, 0.8386486271009858)
0400387 (0.30071647322828987, 0.23278543661050718)
0400373 (0.8420577274841092, 0.43774916794118557)
0400323 (0.6881906825485657, 0.5434547948060369)
0400348 (0.7148124012991786, 0.2259435769607746)
0400363 (0.30005556965687097, 0.15890727389960288)
0400399 (0.19260540723918407, 0.4592248791341935)
0400388 (0.4808038268871647, 0.5259563955073959)
0400349 (0.4169121893970308, 0.47679238721712647)
0400324 (0.4281607354083997, 0.5079104135248739)
0400374 (0.7539625743295655, 0.6626743724406866)
0400336 (0.7274860514027058, 0.6299790653505616)
0400337 (0.22622198298207563, 0.473713403690565)
0400350 (0.8492485207935526, 0.7077039597399448)
0400375 (0.7438210846163664, 0.1797066497670561)
0400389 (0.5367715582012117, 0.19388460336781918)
0400376 (0.5378867419083944, 0.6004695313160116)
